2 70 3 15 4 60 42 18 86 16 99 25
1 70 5 3 6 90 7 35 8 21
1 15 9 3 10 10 84 15 85 13
1 60 11 18 12 30 13 21 14 15
2 3 15 10 100 11
2 90 18 37 19 16 34 16
2 35 26 37 27 21 28 14 29 12
2 21 33 25 38 16 39 30 40 80
3 3 48 90 49 21 50 35
3 10 51 16 52 50
4 18 68 90 69 37
4 30 70 21 71 16 72 80
4 21 73 35 74 37 75 14 76 12
4 15 77 14 78 12
5 10 16 16 17 50
15 16 25 12 100 17
15 50
6 37 20 21 21 14 22 12 23 17
6 16 23 50 24 30 25 15
18 21 30 14
18 14
18 12
18 17 19 50
19 30
16 12 19 15
7 37 30 18
7 21 31 30 32 15 33 18
7 14 34 15 35 10
7 12 36 10 37 80
20 14 26 18
27 30
27 15
8 25 27 18
6 16 28 15
28 10
29 10
29 80
8 16 41 10 42 50
8 30 43 18 44 21 45 15
8 80 46 10 47 12 58 19
38 10 100 25
1 18 38 50
39 18 45 18
39 21 53 6
39 15 43 18
40 10
40 12
9 90 53 18 54 37
9 21 55 16 56 30 57 80
9 35 58 21 59 12 60 14
10 16 61 21 62 30 63 80
10 50 64 21 65 30 66 21 67 15
44 6 48 18
48 37 62 19
49 16 62 22
49 30
49 80
40 19 50 21
50 12
50 14
51 21
51 30 54 19 55 22
51 80
52 21 83 4 84 7
52 30
52 21
52 15 81 20
11 90 79 21 80 35 81 3
11 37 82 35 83 14 84 12
12 21 85 90 86 35 87 3
12 16 89 10
12 80 88 10 90 12
13 35 91 3 92 90 93 21
13 37 94 90
13 14 97 10
13 12 95 80 96 10
14 14 98 35 99 37 100 12
14 12 101 80 102 12
68 21
68 35
67 20 68 3
69 35
64 4 69 14
3 15 64 7 69 12
3 13 70 90
1 16 70 35
70 3
72 10
71 10
72 12
73 3 102 18
73 90
73 21
74 90
76 80 97 9
76 10
75 10 95 9
77 35 101 18
1 25 77 37
5 11 16 17 41 25 77 12
78 80 98 18
78 12 91 18
