E 102 101
0 1
2 5 3
3 9 3
68 81 3
73 91 3
70 87 3
64 83 4
44 53 6
64 84 7
95 97 9
28 35 10
75 97 10
40 46 10
3 10 10
29 36 10
71 89 10
5 15 10
72 88 10
76 96 10
38 41 10
5 100 11
72 90 12
14 78 12
40 47 12
7 29 12
50 59 12
69 84 12
77 100 12
13 76 12
78 102 12
16 25 12
18 22 12
3 85 13
13 75 14
7 28 14
14 77 14
20 30 14
50 60 14
18 21 14
1 3 15
4 14 15
28 34 15
39 45 15
27 32 15
3 84 15
19 25 15
52 67 15
6 19 16
8 38 16
12 71 16
1 86 16
15 16 16
10 51 16
6 34 16
49 55 16
18 23 17
4 11 18
1 42 18
48 53 18
27 33 18
26 30 18
39 43 18
91 102 18
98 101 18
40 58 19
54 62 19
67 81 20
51 61 21
4 13 21
2 8 21
12 70 21
73 93 21
52 64 21
18 20 21
7 27 21
39 44 21
50 58 21
9 49 21
68 79 21
52 66 21
55 62 22
1 99 25
49 56 30
27 31 30
19 24 30
52 65 30
4 12 30
8 39 30
68 80 35
69 82 35
77 98 35
9 50 35
70 86 35
13 74 37
6 18 37
15 17 50
49 57 80
29 37 80
51 63 80
12 72 80
73 92 90
74 94 90
