E 102 101
0 1
9 3 3
81 68 3
70 87 3
2 5 3
73 91 3
64 83 4
53 44 6
64 84 7
95 97 9
40 46 10
38 41 10
10 3 10
72 88 10
5 15 10
75 97 10
28 35 10
36 29 10
89 71 10
96 76 10
5 100 11
69 84 12
29 7 12
25 16 12
13 76 12
18 22 12
47 40 12
78 102 12
78 14 12
77 100 12
90 72 12
59 50 12
3 85 13
7 28 14
30 20 14
18 21 14
60 50 14
13 75 14
14 77 14
39 45 15
84 3 15
3 1 15
4 14 15
67 52 15
19 25 15
27 32 15
28 34 15
10 51 16
86 1 16
8 38 16
71 12 16
49 55 16
16 15 16
34 6 16
6 19 16
23 18 17
39 43 18
1 42 18
53 48 18
4 11 18
30 26 18
91 102 18
33 27 18
98 101 18
40 58 19
62 54 19
81 67 20
79 68 21
2 8 21
4 13 21
7 27 21
9 49 21
12 70 21
18 20 21
39 44 21
93 73 21
50 58 21
51 61 21
52 64 21
52 66 21
62 55 22
1 99 25
4 12 30
8 39 30
65 52 30
31 27 30
56 49 30
19 24 30
80 68 35
98 77 35
69 82 35
70 86 35
50 9 35
13 74 37
7 26 37
17 15 50
49 57 80
29 37 80
72 12 80
51 63 80
73 92 90
74 94 90
