E 102 101
0 1
9 3 3
2 5 3
87 70 3
68 81 3
73 91 3
83 64 4
53 44 6
64 84 7
95 97 9
10 3 10
88 72 10
97 75 10
41 38 10
15 5 10
89 71 10
35 28 10
96 76 10
46 40 10
36 29 10
5 100 11
76 13 12
69 84 12
22 18 12
102 78 12
59 50 12
29 7 12
47 40 12
25 16 12
78 14 12
100 77 12
90 72 12
85 3 13
75 13 14
7 28 14
21 18 14
60 50 14
30 20 14
77 14 14
19 25 15
3 1 15
28 34 15
14 4 15
32 27 15
45 39 15
84 3 15
67 52 15
55 49 16
71 12 16
16 15 16
6 19 16
34 6 16
38 8 16
51 10 16
86 1 16
23 18 17
11 4 18
91 102 18
43 39 18
33 27 18
48 53 18
101 98 18
42 1 18
26 30 18
40 58 19
54 62 19
81 67 20
58 50 21
8 2 21
44 39 21
61 51 21
13 4 21
79 68 21
27 7 21
66 52 21
93 73 21
52 64 21
49 9 21
20 18 21
12 70 21
62 55 22
99 1 25
31 27 30
39 8 30
24 19 30
4 12 30
65 52 30
56 49 30
98 77 35
50 9 35
80 68 35
82 69 35
70 86 35
18 6 37
74 13 37
17 15 50
37 29 80
57 49 80
63 51 80
72 12 80
92 73 90
94 74 90
